image_width: 640
image_height: 480
camera_name: narrow_stereo/right
camera_matrix:
  rows: 3
  cols: 3
  data: [510.797520, 0.000000, 303.647918, 0.000000, 511.863693, 248.979012, 0.000000, 0.000000, 1.000000]
distortion_model: plumb_bob
distortion_coefficients:
  rows: 1
  cols: 5
  data: [0.062373, -0.132289, 0.003580, -0.001774, 0.000000]
rectification_matrix:
  rows: 3
  cols: 3
  data: [0.998860, 0.001322, -0.047712, -0.000742, 0.999926, 0.012184, 0.047725, -0.012134, 0.998787]
projection_matrix:
  rows: 3
  cols: 4
  data: [531.152586, 0.000000, 337.167439, 56.499615, 0.000000, 531.152586, 247.265795, 0.000000, 0.000000, 0.000000, 1.000000, 0.000000]
